Dumping annotated program on standard output
Program size : 634 bytes
Name : "thunder"
Comment : "you've been thunderstruck..."

0          :    :
0          :    main:
0    (7  ) :        sti       r1                %:start           %1                
                    11  104   1                 1   87            0   1             
                    11  104   1                 343               1                 

7    (7  ) :        sti       r1                %:back            %1                
                    11  104   1                 0   53            0   1             
                    11  104   1                 53                1                 

14   (7  ) :        sti       r1                %:front           %1                
                    11  104   1                 1   81            0   1             
                    11  104   1                 337               1                 

21   (7  ) :        sti       r1                %:live            %1                
                    11  104   1                 0   17            0   1             
                    11  104   1                 17                1                 

28   (7  ) :        ld        %0                r16               
                    2   144   0   0   0   0     16                
                    2   144   0                 16                

35   (3  ) :        fork      %:start           
                    12        1   52            
                    12        308               

38         :    live:
38   (5  ) :        live      %42               
                    1         0   0   0   42    
                    1         42                

43   (7  ) :        ld        %0                r2                
                    2   144   0   0   0   0     2                 
                    2   144   0                 2                 

50   (7  ) :        ld        %0                r16               
                    2   144   0   0   0   0     16                
                    2   144   0                 16                

57   (3  ) :        fork      %:front           
                    12        1   38            
                    12        294               

60         :    back:
60   (5  ) :        live      %42               
                    1         0   0   0   42    
                    1         42                

65   (5  ) :        st        r2                -24               
                    3   112   2                 255 232           
                    3   112   2                 -24               

70   (5  ) :        st        r2                -33               
                    3   112   2                 255 223           
                    3   112   2                 -33               

75   (5  ) :        st        r2                -42               
                    3   112   2                 255 214           
                    3   112   2                 -42               

80   (5  ) :        st        r2                -51               
                    3   112   2                 255 205           
                    3   112   2                 -51               

85   (5  ) :        st        r2                -60               
                    3   112   2                 255 196           
                    3   112   2                 -60               

90   (5  ) :        st        r2                -69               
                    3   112   2                 255 187           
                    3   112   2                 -69               

95   (5  ) :        st        r2                -78               
                    3   112   2                 255 178           
                    3   112   2                 -78               

100  (5  ) :        st        r2                -87               
                    3   112   2                 255 169           
                    3   112   2                 -87               

105  (5  ) :        st        r2                -96               
                    3   112   2                 255 160           
                    3   112   2                 -96               

110  (5  ) :        st        r2                -105              
                    3   112   2                 255 151           
                    3   112   2                 -105              

115  (5  ) :        st        r2                -114              
                    3   112   2                 255 142           
                    3   112   2                 -114              

120  (5  ) :        st        r2                -123              
                    3   112   2                 255 133           
                    3   112   2                 -123              

125  (5  ) :        st        r2                -132              
                    3   112   2                 255 124           
                    3   112   2                 -132              

130  (5  ) :        st        r2                -141              
                    3   112   2                 255 115           
                    3   112   2                 -141              

135  (5  ) :        st        r2                -150              
                    3   112   2                 255 106           
                    3   112   2                 -150              

140  (5  ) :        st        r2                -159              
                    3   112   2                 255 97            
                    3   112   2                 -159              

145  (5  ) :        st        r2                -168              
                    3   112   2                 255 88            
                    3   112   2                 -168              

150  (5  ) :        st        r2                -177              
                    3   112   2                 255 79            
                    3   112   2                 -177              

155  (5  ) :        st        r2                -186              
                    3   112   2                 255 70            
                    3   112   2                 -186              

160  (5  ) :        st        r2                -195              
                    3   112   2                 255 61            
                    3   112   2                 -195              

165  (5  ) :        st        r2                -204              
                    3   112   2                 255 52            
                    3   112   2                 -204              

170  (5  ) :        st        r2                -213              
                    3   112   2                 255 43            
                    3   112   2                 -213              

175  (5  ) :        st        r2                -222              
                    3   112   2                 255 34            
                    3   112   2                 -222              

180  (5  ) :        st        r2                -231              
                    3   112   2                 255 25            
                    3   112   2                 -231              

185  (5  ) :        st        r2                -240              
                    3   112   2                 255 16            
                    3   112   2                 -240              

190  (5  ) :        st        r2                -249              
                    3   112   2                 255 7             
                    3   112   2                 -249              

195  (5  ) :        st        r2                -258              
                    3   112   2                 254 254           
                    3   112   2                 -258              

200  (5  ) :        st        r2                -267              
                    3   112   2                 254 245           
                    3   112   2                 -267              

205  (5  ) :        st        r2                -276              
                    3   112   2                 254 236           
                    3   112   2                 -276              

210  (5  ) :        st        r2                -285              
                    3   112   2                 254 227           
                    3   112   2                 -285              

215  (5  ) :        st        r2                -294              
                    3   112   2                 254 218           
                    3   112   2                 -294              

220  (5  ) :        st        r2                -303              
                    3   112   2                 254 209           
                    3   112   2                 -303              

225  (5  ) :        st        r2                -312              
                    3   112   2                 254 200           
                    3   112   2                 -312              

230  (5  ) :        st        r2                -321              
                    3   112   2                 254 191           
                    3   112   2                 -321              

235  (5  ) :        st        r2                -330              
                    3   112   2                 254 182           
                    3   112   2                 -330              

240  (5  ) :        st        r2                -339              
                    3   112   2                 254 173           
                    3   112   2                 -339              

245  (5  ) :        st        r2                -348              
                    3   112   2                 254 164           
                    3   112   2                 -348              

250  (5  ) :        st        r2                -357              
                    3   112   2                 254 155           
                    3   112   2                 -357              

255  (5  ) :        st        r2                -366              
                    3   112   2                 254 146           
                    3   112   2                 -366              

260  (5  ) :        st        r2                -375              
                    3   112   2                 254 137           
                    3   112   2                 -375              

265  (5  ) :        st        r2                -384              
                    3   112   2                 254 128           
                    3   112   2                 -384              

270  (5  ) :        st        r2                -393              
                    3   112   2                 254 119           
                    3   112   2                 -393              

275  (5  ) :        st        r2                -402              
                    3   112   2                 254 110           
                    3   112   2                 -402              

280  (5  ) :        st        r2                -411              
                    3   112   2                 254 101           
                    3   112   2                 -411              

285  (5  ) :        st        r2                -420              
                    3   112   2                 254 92            
                    3   112   2                 -420              

290  (5  ) :        st        r2                -429              
                    3   112   2                 254 83            
                    3   112   2                 -429              

295  (5  ) :        st        r2                -438              
                    3   112   2                 254 74            
                    3   112   2                 -438              

300  (5  ) :        st        r2                -447              
                    3   112   2                 254 65            
                    3   112   2                 -447              

305  (5  ) :        st        r2                -456              
                    3   112   2                 254 56            
                    3   112   2                 -456              

310  (5  ) :        st        r2                -465              
                    3   112   2                 254 47            
                    3   112   2                 -465              

315  (5  ) :        st        r2                -474              
                    3   112   2                 254 38            
                    3   112   2                 -474              

320  (5  ) :        st        r2                -483              
                    3   112   2                 254 29            
                    3   112   2                 -483              

325  (5  ) :        st        r2                -492              
                    3   112   2                 254 20            
                    3   112   2                 -492              

330  (5  ) :        st        r2                -501              
                    3   112   2                 254 11            
                    3   112   2                 -501              

335  (5  ) :        st        r2                -510              
                    3   112   2                 254 2             
                    3   112   2                 -510              

340  (3  ) :        zjmp      %:back            
                    9         254 232           
                    9         -280              

343        :    start:
343  (5  ) :        live      %42               
                    1         0   0   0   42    
                    1         42                

348  (3  ) :        zjmp      %:start           
                    9         255 251           
                    9         -5                

351        :    front:
351  (5  ) :        live      %42               
                    1         0   0   0   42    
                    1         42                

356  (5  ) :        st        r2                24                
                    3   112   2                 0   24            
                    3   112   2                 24                

361  (5  ) :        st        r2                33                
                    3   112   2                 0   33            
                    3   112   2                 33                

366  (5  ) :        st        r2                42                
                    3   112   2                 0   42            
                    3   112   2                 42                

371  (5  ) :        st        r2                51                
                    3   112   2                 0   51            
                    3   112   2                 51                

376  (5  ) :        st        r2                60                
                    3   112   2                 0   60            
                    3   112   2                 60                

381  (5  ) :        st        r2                69                
                    3   112   2                 0   69            
                    3   112   2                 69                

386  (5  ) :        st        r2                78                
                    3   112   2                 0   78            
                    3   112   2                 78                

391  (5  ) :        st        r2                87                
                    3   112   2                 0   87            
                    3   112   2                 87                

396  (5  ) :        st        r2                96                
                    3   112   2                 0   96            
                    3   112   2                 96                

401  (5  ) :        st        r2                105               
                    3   112   2                 0   105           
                    3   112   2                 105               

406  (5  ) :        st        r2                114               
                    3   112   2                 0   114           
                    3   112   2                 114               

411  (5  ) :        st        r2                123               
                    3   112   2                 0   123           
                    3   112   2                 123               

416  (5  ) :        st        r2                132               
                    3   112   2                 0   132           
                    3   112   2                 132               

421  (5  ) :        st        r2                141               
                    3   112   2                 0   141           
                    3   112   2                 141               

426  (5  ) :        st        r2                150               
                    3   112   2                 0   150           
                    3   112   2                 150               

431  (5  ) :        st        r2                159               
                    3   112   2                 0   159           
                    3   112   2                 159               

436  (5  ) :        st        r2                168               
                    3   112   2                 0   168           
                    3   112   2                 168               

441  (5  ) :        st        r2                177               
                    3   112   2                 0   177           
                    3   112   2                 177               

446  (5  ) :        st        r2                186               
                    3   112   2                 0   186           
                    3   112   2                 186               

451  (5  ) :        st        r2                195               
                    3   112   2                 0   195           
                    3   112   2                 195               

456  (5  ) :        st        r2                204               
                    3   112   2                 0   204           
                    3   112   2                 204               

461  (5  ) :        st        r2                213               
                    3   112   2                 0   213           
                    3   112   2                 213               

466  (5  ) :        st        r2                222               
                    3   112   2                 0   222           
                    3   112   2                 222               

471  (5  ) :        st        r2                231               
                    3   112   2                 0   231           
                    3   112   2                 231               

476  (5  ) :        st        r2                240               
                    3   112   2                 0   240           
                    3   112   2                 240               

481  (5  ) :        st        r2                249               
                    3   112   2                 0   249           
                    3   112   2                 249               

486  (5  ) :        st        r2                258               
                    3   112   2                 1   2             
                    3   112   2                 258               

491  (5  ) :        st        r2                267               
                    3   112   2                 1   11            
                    3   112   2                 267               

496  (5  ) :        st        r2                276               
                    3   112   2                 1   20            
                    3   112   2                 276               

501  (5  ) :        st        r2                285               
                    3   112   2                 1   29            
                    3   112   2                 285               

506  (5  ) :        st        r2                294               
                    3   112   2                 1   38            
                    3   112   2                 294               

511  (5  ) :        st        r2                303               
                    3   112   2                 1   47            
                    3   112   2                 303               

516  (5  ) :        st        r2                312               
                    3   112   2                 1   56            
                    3   112   2                 312               

521  (5  ) :        st        r2                321               
                    3   112   2                 1   65            
                    3   112   2                 321               

526  (5  ) :        st        r2                330               
                    3   112   2                 1   74            
                    3   112   2                 330               

531  (5  ) :        st        r2                339               
                    3   112   2                 1   83            
                    3   112   2                 339               

536  (5  ) :        st        r2                348               
                    3   112   2                 1   92            
                    3   112   2                 348               

541  (5  ) :        st        r2                357               
                    3   112   2                 1   101           
                    3   112   2                 357               

546  (5  ) :        st        r2                366               
                    3   112   2                 1   110           
                    3   112   2                 366               

551  (5  ) :        st        r2                375               
                    3   112   2                 1   119           
                    3   112   2                 375               

556  (5  ) :        st        r2                384               
                    3   112   2                 1   128           
                    3   112   2                 384               

561  (5  ) :        st        r2                393               
                    3   112   2                 1   137           
                    3   112   2                 393               

566  (5  ) :        st        r2                402               
                    3   112   2                 1   146           
                    3   112   2                 402               

571  (5  ) :        st        r2                411               
                    3   112   2                 1   155           
                    3   112   2                 411               

576  (5  ) :        st        r2                420               
                    3   112   2                 1   164           
                    3   112   2                 420               

581  (5  ) :        st        r2                429               
                    3   112   2                 1   173           
                    3   112   2                 429               

586  (5  ) :        st        r2                438               
                    3   112   2                 1   182           
                    3   112   2                 438               

591  (5  ) :        st        r2                447               
                    3   112   2                 1   191           
                    3   112   2                 447               

596  (5  ) :        st        r2                456               
                    3   112   2                 1   200           
                    3   112   2                 456               

601  (5  ) :        st        r2                465               
                    3   112   2                 1   209           
                    3   112   2                 465               

606  (5  ) :        st        r2                474               
                    3   112   2                 1   218           
                    3   112   2                 474               

611  (5  ) :        st        r2                483               
                    3   112   2                 1   227           
                    3   112   2                 483               

616  (5  ) :        st        r2                492               
                    3   112   2                 1   236           
                    3   112   2                 492               

621  (5  ) :        st        r2                501               
                    3   112   2                 1   245           
                    3   112   2                 501               

626  (5  ) :        st        r2                510               
                    3   112   2                 1   254           
                    3   112   2                 510               

631  (3  ) :        zjmp      %:front           
                    9         254 232           
                    9         -280              

